backPain <-
structure(list(x1 = c(1L, 1L, 1L, 1L, 1L, 1L, 1L, 1L, 1L, 1L,
1L, 1L, 1L, 1L, 2L, 2L, 2L, 1L, 1L, 1L, 2L, 2L, 2L, 2L, 2L, 2L,
2L, 2L, 2L, 2L, 2L, 2L, 2L, 2L, 2L, 2L, 2L, 2L, 2L, 2L, 1L, 1L,
1L, 1L, 1L, 1L, 1L, 1L, 1L, 1L, 1L, 1L, 1L, 1L, 1L, 1L, 1L, 1L,
1L, 1L, 2L, 2L, 2L, 1L, 1L, 2L, 2L, 2L, 2L, 2L, 2L, 2L, 2L, 2L,
2L, 2L, 2L, 2L, 2L, 2L, 2L, 2L, 2L, 2L, 2L, 2L, 2L, 2L, 2L, 2L,
2L, 2L, 2L, 2L, 2L, 2L, 2L, 2L, 2L, 2L, 2L), x2 = c(1L, 1L, 1L,
2L, 2L, 2L, 2L, 1L, 1L, 3L, 3L, 2L, 2L, 2L, 1L, 1L, 1L, 3L, 3L,
3L, 2L, 2L, 2L, 2L, 2L, 1L, 1L, 3L, 3L, 3L, 3L, 3L, 2L, 2L, 2L,
2L, 2L, 3L, 3L, 3L, 1L, 1L, 1L, 1L, 2L, 2L, 2L, 2L, 2L, 2L, 2L,
2L, 2L, 2L, 2L, 1L, 1L, 3L, 3L, 2L, 1L, 1L, 1L, 3L, 3L, 2L, 2L,
2L, 2L, 2L, 2L, 2L, 2L, 2L, 2L, 2L, 2L, 2L, 2L, 2L, 1L, 1L, 3L,
3L, 3L, 3L, 3L, 3L, 3L, 2L, 2L, 2L, 2L, 2L, 2L, 2L, 2L, 3L, 3L,
3L, 3L), x3 = c(1L, 1L, 1L, 1L, 1L, 1L, 1L, 2L, 2L, 1L, 1L, 2L,
2L, 2L, 1L, 1L, 1L, 2L, 2L, 2L, 1L, 1L, 1L, 1L, 1L, 2L, 2L, 1L,
1L, 1L, 1L, 1L, 2L, 2L, 2L, 2L, 2L, 2L, 2L, 2L, 1L, 1L, 1L, 1L,
1L, 1L, 1L, 1L, 1L, 1L, 1L, 1L, 1L, 1L, 1L, 2L, 2L, 1L, 1L, 2L,
1L, 1L, 1L, 2L, 2L, 1L, 1L, 1L, 1L, 1L, 1L, 1L, 1L, 1L, 1L, 1L,
1L, 1L, 1L, 1L, 2L, 2L, 1L, 1L, 1L, 1L, 1L, 1L, 1L, 2L, 2L, 2L,
2L, 2L, 2L, 2L, 2L, 2L, 2L, 2L, 2L), pain = structure(c(2L, 5L,
6L, 2L, 3L, 5L, 6L, 4L, 5L, 5L, 6L, 2L, 4L, 6L, 3L, 5L, 6L, 3L,
4L, 5L, 2L, 3L, 4L, 5L, 6L, 2L, 5L, 1L, 2L, 3L, 4L, 5L, 1L, 2L,
3L, 4L, 6L, 1L, 3L, 4L, 5L, 6L, 6L, 6L, 2L, 3L, 3L, 5L, 5L, 5L,
5L, 5L, 6L, 6L, 6L, 5L, 5L, 5L, 6L, 4L, 3L, 3L, 6L, 5L, 5L, 2L,
2L, 3L, 3L, 3L, 4L, 4L, 4L, 4L, 5L, 5L, 5L, 5L, 5L, 6L, 5L, 5L,
1L, 2L, 4L, 4L, 4L, 4L, 5L, 2L, 2L, 2L, 3L, 3L, 3L, 4L, 4L, 1L,
3L, 4L, 4L), .Label = c("worse", "same", "slight.improvement",
"moderate.improvement", "marked.improvement", "complete.relief"
), class = c("ordered", "factor"))), .Names = c("x1", "x2", "x3",
"pain"), row.names = c("1", "2", "3", "4", "5", "6", "7", "8",
"9", "10", "11", "12", "13", "14", "15", "16", "17", "18", "19",
"20", "21", "22", "23", "24", "25", "26", "27", "28", "29", "30",
"31", "32", "33", "34", "35", "36", "37", "38", "39", "40", "41",
"42", "43", "44", "45", "46", "47", "48", "49", "50", "51", "52",
"53", "54", "55", "56", "57", "58", "59", "60", "61", "62", "63",
"64", "65", "66", "67", "68", "69", "70", "71", "72", "73", "74",
"75", "76", "77", "78", "79", "80", "81", "82", "83", "84", "85",
"86", "87", "88", "89", "90", "91", "92", "93", "94", "95", "96",
"97", "98", "99", "100", "101"), class = "data.frame")
