barley <-
structure(list(y = c(5e-04, 0, 0, 0.001, 0.0025, 5e-04, 0.005,
0.013, 0.015, 0.015, 0, 5e-04, 5e-04, 0.003, 0.0075, 0.003, 0.03,
0.075, 0.01, 0.127, 0.0125, 0.0125, 0.025, 0.166, 0.025, 0.025,
0, 0.2, 0.375, 0.2625, 0.025, 0.005, 1e-04, 0.03, 0.025, 1e-04,
0.25, 0.55, 0.05, 0.4, 0.055, 0.01, 0.06, 0.011, 0.025, 0.08,
0.165, 0.295, 0.2, 0.435, 0.01, 0.05, 0.05, 0.05, 0.05, 0.05,
0.1, 0.05, 0.5, 0.75, 0.05, 0.001, 0.05, 0.05, 0.5, 0.1, 0.5,
0.25, 0.5, 0.75, 0.05, 0.1, 0.05, 0.05, 0.25, 0.75, 0.5, 0.75,
0.75, 0.75, 0.175, 0.25, 0.425, 0.5, 0.375, 0.95, 0.625, 0.95,
0.95, 0.95), site = structure(c(1L, 1L, 1L, 1L, 1L, 1L, 1L, 1L,
1L, 1L, 2L, 2L, 2L, 2L, 2L, 2L, 2L, 2L, 2L, 2L, 3L, 3L, 3L, 3L,
3L, 3L, 3L, 3L, 3L, 3L, 4L, 4L, 4L, 4L, 4L, 4L, 4L, 4L, 4L, 4L,
5L, 5L, 5L, 5L, 5L, 5L, 5L, 5L, 5L, 5L, 6L, 6L, 6L, 6L, 6L, 6L,
6L, 6L, 6L, 6L, 7L, 7L, 7L, 7L, 7L, 7L, 7L, 7L, 7L, 7L, 8L, 8L,
8L, 8L, 8L, 8L, 8L, 8L, 8L, 8L, 9L, 9L, 9L, 9L, 9L, 9L, 9L, 9L,
9L, 9L), .Label = c("A", "B", "C", "D", "E", "F", "G", "H", "I"
), class = "factor"), variety = structure(c(1L, 2L, 3L, 4L, 5L,
6L, 7L, 8L, 9L, 10L, 1L, 2L, 3L, 4L, 5L, 6L, 7L, 8L, 9L, 10L,
1L, 2L, 3L, 4L, 5L, 6L, 7L, 8L, 9L, 10L, 1L, 2L, 3L, 4L, 5L,
6L, 7L, 8L, 9L, 10L, 1L, 2L, 3L, 4L, 5L, 6L, 7L, 8L, 9L, 10L,
1L, 2L, 3L, 4L, 5L, 6L, 7L, 8L, 9L, 10L, 1L, 2L, 3L, 4L, 5L,
6L, 7L, 8L, 9L, 10L, 1L, 2L, 3L, 4L, 5L, 6L, 7L, 8L, 9L, 10L,
1L, 2L, 3L, 4L, 5L, 6L, 7L, 8L, 9L, 10L), .Label = c("1", "2",
"3", "4", "5", "6", "7", "8", "9", "X"), class = "factor")), .Names = c("y",
"site", "variety"), class = "data.frame", row.names = c("1",
"2", "3", "4", "5", "6", "7", "8", "9", "10", "11", "12", "13",
"14", "15", "16", "17", "18", "19", "20", "21", "22", "23", "24",
"25", "26", "27", "28", "29", "30", "31", "32", "33", "34", "35",
"36", "37", "38", "39", "40", "41", "42", "43", "44", "45", "46",
"47", "48", "49", "50", "51", "52", "53", "54", "55", "56", "57",
"58", "59", "60", "61", "62", "63", "64", "65", "66", "67", "68",
"69", "70", "71", "72", "73", "74", "75", "76", "77", "78", "79",
"80", "81", "82", "83", "84", "85", "86", "87", "88", "89", "90"
))
