friend <-
    structure(c(37, 11, 14, 20, 9, 13, 8, 16, 22, 8, 14, 1, 17, 7, 
                11, 2, 6, 4, 4, 1, 1, 2, 4, 4, 2, 10, 3, 4, 1, 4, 1, 10, 63, 
                12, 13, 8, 13, 4, 10, 15, 14, 13, 5, 20, 9, 11, 5, 8, 10, 11, 
                9, 19, 7, 10, 8, 7, 10, 25, 20, 13, 16, 11, 9, 4, 21, 11, 14, 
                5, 8, 1, 6, 9, 6, 6, 6, 4, 5, 8, 9, 7, 5, 8, 5, 1, 0, 5, 1, 4, 
                7, 4, 9, 2, 2, 12, 13, 3, 14, 2, 12, 8, 13, 15, 13, 9, 8, 12, 
                7, 10, 1, 8, 5, 3, 5, 3, 4, 4, 4, 7, 6, 7, 4, 3, 7, 1, 16, 8, 
                7, 2, 36, 5, 10, 8, 9, 9, 9, 2, 3, 2, 3, 5, 1, 11, 12, 7, 5, 
                1, 0, 5, 2, 4, 5, 20, 8, 3, 14, 18, 10, 11, 12, 13, 146, 11, 
                31, 22, 25, 19, 16, 13, 11, 14, 3, 17, 4, 5, 11, 6, 6, 16, 6, 
                4, 7, 14, 4, 8, 7, 2, 8, 2, 6, 6, 4, 7, 23, 8, 13, 2, 9, 2, 2, 
                1, 3, 3, 2, 6, 7, 5, 0, 1, 0, 0, 0, 3, 4, 3, 4, 3, 2, 17, 11, 
                13, 14, 13, 31, 9, 67, 23, 15, 20, 2, 13, 6, 9, 0, 9, 5, 5, 4, 
                0, 4, 3, 5, 2, 5, 11, 7, 1, 8, 2, 20, 10, 5, 10, 6, 7, 20, 17, 
                42, 14, 9, 7, 15, 9, 8, 4, 8, 9, 9, 11, 3, 1, 3, 1, 3, 8, 12, 
                13, 8, 6, 3, 8, 19, 9, 11, 8, 26, 6, 29, 22, 128, 8, 17, 15, 
                13, 18, 5, 18, 3, 2, 10, 8, 26, 27, 6, 7, 5, 27, 14, 8, 35, 7, 
                18, 14, 7, 12, 7, 21, 5, 16, 20, 14, 44, 5, 14, 6, 4, 4, 8, 3, 
                1, 11, 4, 3, 4, 2, 6, 2, 9, 8, 7, 6, 0, 4, 9, 1, 6, 1, 12, 3, 
                0, 5, 10, 5, 17, 7, 2, 4, 2, 6, 4, 3, 2, 0, 3, 1, 1, 2, 3, 4, 
                4, 1, 5, 0, 10, 11, 6, 12, 6, 9, 4, 14, 9, 10, 10, 11, 43, 16, 
                20, 5, 9, 4, 7, 7, 6, 7, 16, 6, 8, 5, 26, 10, 7, 14, 3, 2, 5, 
                2, 4, 2, 12, 1, 2, 5, 3, 5, 1, 3, 12, 4, 5, 2, 4, 2, 1, 2, 1, 
                5, 0, 1, 1, 6, 6, 3, 3, 0, 9, 10, 4, 6, 6, 7, 6, 5, 15, 13, 4, 
                14, 18, 10, 40, 11, 18, 6, 4, 6, 3, 9, 9, 5, 8, 6, 31, 12, 4, 
                21, 2, 1, 6, 1, 1, 3, 2, 1, 1, 3, 1, 2, 2, 3, 3, 9, 20, 2, 3, 
                2, 1, 2, 4, 0, 1, 1, 1, 4, 7, 3, 6, 3, 6, 27, 8, 18, 7, 17, 5, 
                7, 10, 17, 13, 11, 25, 9, 27, 7, 53, 3, 3, 11, 6, 11, 17, 3, 
                6, 4, 39, 14, 5, 26, 8, 5, 14, 7, 5, 19, 5, 9, 8, 9, 4, 2, 5, 
                4, 1, 6, 11, 3, 71, 28, 26, 3, 3, 1, 3, 6, 10, 10, 34, 16, 18, 
                22, 5, 15, 8, 8, 12, 3, 5, 4, 15, 4, 2, 5, 8, 4, 7, 10, 4, 20, 
                79, 20, 1, 5, 2, 8, 4, 3, 13, 40, 17, 13, 12, 2, 13, 3, 3, 7, 
                9, 3, 4, 9, 12, 4, 1, 9, 2, 7, 8, 7, 24, 21, 58, 10, 13, 5, 6, 
                8, 7, 21, 39, 12, 22, 11, 0, 12, 1, 2, 1, 2, 1, 1, 1, 6, 1, 1, 
                8, 3, 4, 4, 10, 4, 5, 10, 31, 5, 6, 2, 11, 2, 18, 12, 6, 26, 
                6, 1, 5, 2, 3, 2, 3, 2, 2, 3, 22, 3, 3, 12, 3, 14, 4, 10, 5, 
                3, 10, 10, 44, 12, 2, 8, 1, 24, 20, 4, 31, 4, 3, 4, 5, 3, 0, 
                13, 1, 2, 4, 11, 2, 8, 10, 3, 8, 4, 11, 2, 0, 5, 3, 5, 39, 3, 
                6, 0, 20, 3, 4, 25, 0, 3, 11, 5, 7, 4, 2, 0, 3, 8, 5, 4, 5, 2, 
                3, 1, 5, 4, 7, 10, 4, 3, 5, 3, 38, 8, 1, 5, 14, 6, 8, 3, 7, 8, 
                1, 4, 3, 6, 0, 3, 3, 4, 0, 0, 8, 4, 5, 7, 12, 5, 5, 9, 9, 11, 
                3, 4, 30, 4, 20, 8, 7, 15, 3, 0, 9, 4, 3, 6, 1, 7, 12, 9, 6, 
                9, 2, 0, 1, 8, 5, 6, 7, 6, 4, 4, 1, 3, 2, 4, 13, 10, 9, 3, 2, 
                0, 3, 32, 6, 11, 4, 6, 6, 2, 11, 29, 5, 15, 24, 10, 27, 11, 25, 
                11, 14, 19, 21, 19, 15, 6, 14, 6, 118, 26, 12, 38, 5, 4, 10, 
                3, 2, 7, 7, 5, 6, 15, 6, 2, 3, 8, 3, 5, 8, 8, 20, 25, 25, 11, 
                7, 5, 10, 8, 2, 14, 106, 16, 14, 10, 1, 9, 7, 1, 9, 3, 3, 1, 
                2, 2, 2, 4, 4, 4, 3, 6, 3, 18, 14, 22, 3, 7, 2, 8, 4, 1, 9, 28, 
                79, 19, 15, 5, 20, 3, 3, 3, 8, 1, 7, 8, 11, 2, 7, 15, 6, 14, 
                6, 8, 13, 8, 20, 21, 20, 15, 5, 13, 2, 48, 37, 12, 135, 13, 1, 
                11, 1, 2, 21, 2, 2, 0, 5, 8, 2, 3, 2, 4, 7, 13, 5, 24, 19, 12, 
                9, 6, 5, 11, 9, 5, 11, 41, 14, 22, 38),
              .Dim = as.integer(c(31, 31)),
              .Dimnames = structure(list(
              r = c("SM", "MPS", "OMO", "GMA", "PDM", "TPE", "SET", "HP", "API",
              "APH", "APB", "AOA", "NCC", "FRC", "OCW", "SDC", "SEC", "SMC",
              "SMM", "SMO", "CW", "HW", "CCW", "PSP", "PSW", "BSR", "SW", "PMO",
              "TO", "RWS", "GL"), 
              c = c("SM", "MPS", "OMO", "GMA", "PDM", "TPE", "SET", "HP", "API",
              "APH", "APB", "AOA", "NCC", "FRC", "OCW", "SDC", "SEC", "SMC",
              "SMM", "SMO", "CW", "HW", "CCW", "PSP", "PSW", "BSR", "SW", "PMO",
              "TO", "RWS", "GL")), .Names = c("r", "c")), class = "table")
