barleyHeights <-
structure(list(height = c(81, 72.3, 79.3, 88.5, 78.5, 89.3, 94.3,
88.8, 91.3, 91.8, 86, 91, 75.5, 96.8, 97, 67.3, 60.3, 67.8, 70.8,
67.5, 74.5, 73, 63.8, 67, 65.5, 69.8, 71.8, 56.5, 81.5, 83.3,
71.5, 60.8, 64.8, 76.3, 72.5, 80.5, 80.3, 66.8, 73.8, 77, 73.8,
81, 67, 86.3, 86.8, 64.3, 55.3, 57.5, 69.5, 61, 67.8, 68.5, 78.5,
75.8, 80, 77.3, 65.5, 64.3, 73.3, 72, 55.8, 48.8, 46.8, 64, 50.3,
60.8, 63.8, 70.3, 71.5, 73.5, 75.5, 54.5, 58.8, 59.3, 49.3, 84.9,
78.1, 80.2, 90.8, 78.7, 86.3, 96, 86.1, 90.5, 88, 88.8, 87.9,
86.7, 97, 91.3, 86.2, 80.4, 81.8, 97.3, 82.7, 90.2, 100.7, 104.3,
100.6, 104.7, 106.4, 84.8, 85.2, 96.1, 94.6, 88, 85.3, 87.8,
97.8, 87.3, 100, 106.5, 102, 102.8, 102, 103.8, 91.8, 91.8, 95.8,
95.5, 72, 69.8, 71.8, 86, 66, 81.3, 85.3, 82.5, 86.3, 87.3, 86.8,
77.8, 76, 90.3, 80.8), year = structure(c(1L, 1L, 1L, 1L, 1L,
1L, 1L, 1L, 1L, 1L, 1L, 1L, 1L, 1L, 1L, 2L, 2L, 2L, 2L, 2L, 2L,
2L, 2L, 2L, 2L, 2L, 2L, 2L, 2L, 2L, 3L, 3L, 3L, 3L, 3L, 3L, 3L,
3L, 3L, 3L, 3L, 3L, 3L, 3L, 3L, 4L, 4L, 4L, 4L, 4L, 4L, 4L, 4L,
4L, 4L, 4L, 4L, 4L, 4L, 4L, 5L, 5L, 5L, 5L, 5L, 5L, 5L, 5L, 5L,
5L, 5L, 5L, 5L, 5L, 5L, 6L, 6L, 6L, 6L, 6L, 6L, 6L, 6L, 6L, 6L,
6L, 6L, 6L, 6L, 6L, 7L, 7L, 7L, 7L, 7L, 7L, 7L, 7L, 7L, 7L, 7L,
7L, 7L, 7L, 7L, 8L, 8L, 8L, 8L, 8L, 8L, 8L, 8L, 8L, 8L, 8L, 8L,
8L, 8L, 8L, 9L, 9L, 9L, 9L, 9L, 9L, 9L, 9L, 9L, 9L, 9L, 9L, 9L,
9L, 9L), .Label = c("1974", "1975", "1976", "1977", "1978", "1979",
"1980", "1981", "1982"), class = "factor"), genotype = structure(c(1L,
8L, 9L, 10L, 11L, 12L, 13L, 14L, 15L, 2L, 3L, 4L, 5L, 6L, 7L,
1L, 8L, 9L, 10L, 11L, 12L, 13L, 14L, 15L, 2L, 3L, 4L, 5L, 6L,
7L, 1L, 8L, 9L, 10L, 11L, 12L, 13L, 14L, 15L, 2L, 3L, 4L, 5L,
6L, 7L, 1L, 8L, 9L, 10L, 11L, 12L, 13L, 14L, 15L, 2L, 3L, 4L,
5L, 6L, 7L, 1L, 8L, 9L, 10L, 11L, 12L, 13L, 14L, 15L, 2L, 3L,
4L, 5L, 6L, 7L, 1L, 8L, 9L, 10L, 11L, 12L, 13L, 14L, 15L, 2L,
3L, 4L, 5L, 6L, 7L, 1L, 8L, 9L, 10L, 11L, 12L, 13L, 14L, 15L,
2L, 3L, 4L, 5L, 6L, 7L, 1L, 8L, 9L, 10L, 11L, 12L, 13L, 14L,
15L, 2L, 3L, 4L, 5L, 6L, 7L, 1L, 8L, 9L, 10L, 11L, 12L, 13L,
14L, 15L, 2L, 3L, 4L, 5L, 6L, 7L), .Label = c("1", "10", "11",
"12", "13", "14", "15", "2", "3", "4", "5", "6", "7", "8", "9"
), class = "factor")), .Names = c("height", "year", "genotype"
), class = "data.frame", row.names = c(NA, -135L))
