House2001 <-
structure(list(party = structure(c(1L, 1L, 4L, 4L, 1L, 1L, 4L,
1L, 4L, 1L, 4L, 1L, 1L, 4L, 1L, 4L, 1L, 4L, 4L, 4L, 1L, 1L, 4L,
1L, 1L, 1L, 4L, 4L, 1L, 1L, 1L, 4L, 4L, 4L, 4L, 1L, 4L, 4L, 1L,
1L, 1L, 1L, 1L, 4L, 1L, 1L, 4L, 4L, 4L, 4L, 4L, 4L, 4L, 4L, 4L,
4L, 4L, 1L, 1L, 1L, 1L, 1L, 4L, 4L, 4L, 1L, 1L, 1L, 1L, 4L, 4L,
4L, 1L, 1L, 4L, 1L, 4L, 1L, 1L, 4L, 4L, 1L, 4L, 4L, 1L, 4L, 1L,
1L, 1L, 4L, 4L, 4L, 1L, 1L, 1L, 1L, 4L, 4L, 1L, 4L, 1L, 1L, 1L,
1L, 4L, 1L, 4L, 4L, 4L, 1L, 4L, 4L, 4L, 1L, 4L, 1L, 1L, 1L, 4L,
1L, 1L, 4L, 1L, 4L, 4L, 4L, 4L, 1L, 4L, 1L, 4L, 1L, 4L, 4L, 4L,
1L, 4L, 4L, 4L, 4L, 1L, 2L, 4L, 1L, 4L, 4L, 4L, 4L, 1L, 4L, 4L,
4L, 1L, 4L, 1L, 1L, 4L, 1L, 4L, 4L, 1L, 4L, 4L, 4L, 4L, 4L, 1L,
4L, 1L, 1L, 1L, 4L, 1L, 4L, 1L, 1L, 1L, 1L, 4L, 4L, 4L, 1L, 4L,
4L, 4L, 4L, 1L, 4L, 1L, 4L, 4L, 1L, 1L, 1L, 4L, 1L, 1L, 4L, 4L,
4L, 1L, 4L, 1L, 1L, 4L, 4L, 1L, 4L, 4L, 1L, 1L, 1L, 4L, 4L, 4L,
1L, 4L, 4L, 1L, 1L, 4L, 1L, 1L, 1L, 4L, 4L, 1L, 4L, 4L, 4L, 1L,
1L, 1L, 4L, 4L, 4L, 1L, 4L, 1L, 1L, 1L, 4L, 1L, 3L, 1L, 1L, 4L,
1L, 1L, 1L, 1L, 1L, 1L, 1L, 4L, 1L, 1L, 4L, 4L, 1L, 4L, 1L, 1L,
1L, 1L, 1L, 1L, 4L, 1L, 1L, 4L, 4L, 4L, 1L, 1L, 1L, 1L, 1L, 4L,
4L, 1L, 4L, 1L, 1L, 1L, 4L, 4L, 4L, 4L, 4L, 1L, 1L, 1L, 1L, 4L,
4L, 4L, 1L, 4L, 1L, 1L, 1L, 4L, 1L, 1L, 4L, 1L, 4L, 4L, 1L, 4L,
4L, 4L, 4L, 1L, 4L, 1L, 4L, 4L, 4L, 4L, 1L, 4L, 1L, 4L, 4L, 1L,
4L, 4L, 1L, 1L, 1L, 4L, 4L, 4L, 4L, 1L, 1L, 4L, 1L, 4L, 1L, 4L,
4L, 1L, 1L, 2L, 1L, 1L, 4L, 4L, 4L, 1L, 1L, 4L, 1L, 4L, 1L, 4L,
4L, 4L, 4L, 1L, 4L, 4L, 1L, 4L, 4L, 4L, 1L, 4L, 1L, 1L, 1L, 4L,
4L, 4L, 1L, 1L, 4L, 4L, 1L, 1L, 4L, 1L, 1L, 4L, 1L, 4L, 4L, 4L,
1L, 1L, 4L, 1L, 4L, 4L, 4L, 1L, 1L, 4L, 4L, 1L, 4L, 4L, 1L, 4L,
1L, 1L, 1L, 1L, 1L, 4L, 1L, 1L, 4L, 4L, 4L, 4L, 1L, 4L, 1L, 1L,
4L, 1L, 1L, 4L, 4L, 4L, 1L, 4L, 4L, 4L, 4L, 1L, 1L, 1L, 4L, 4L
), .Label = c("D", "I", "N", "R"), class = "factor"), HR333.BankruptcyOverhaul.Yes = c(1L,
NA, 0L, 0L, 1L, 1L, 0L, 1L, 0L, NA, 0L, 1L, 1L, 0L, 1L, 0L, 1L,
0L, 0L, 0L, 1L, 0L, 0L, 1L, 1L, 0L, 0L, 0L, 1L, 1L, 1L, 0L, 0L,
0L, 0L, 1L, 0L, NA, 1L, 0L, 0L, 0L, 1L, 0L, 1L, 1L, 0L, 0L, 0L,
0L, 0L, 0L, 0L, 0L, NA, 0L, 0L, 1L, 1L, 1L, 1L, 0L, 0L, 0L, 0L,
1L, 1L, 0L, 1L, 0L, 0L, 0L, 0L, 1L, 0L, 1L, 0L, 1L, NA, 0L, 0L,
0L, 0L, 0L, 1L, 0L, 1L, 1L, 0L, 0L, 0L, NA, 1L, 1L, 1L, 1L, 0L,
0L, 1L, 0L, 1L, 1L, 1L, 0L, 0L, 1L, 0L, 0L, 0L, 0L, 0L, 0L, 0L,
1L, 0L, 1L, 1L, 1L, 0L, 1L, 1L, 0L, 1L, 0L, 0L, 0L, NA, 0L, 0L,
1L, 0L, 0L, 0L, 0L, 0L, 1L, 0L, 0L, 0L, 0L, 1L, 0L, 0L, 0L, 0L,
0L, 0L, 0L, 1L, 0L, 0L, 0L, 1L, 0L, 1L, 0L, 0L, 1L, 0L, NA, 1L,
0L, 0L, 0L, 0L, 0L, 0L, 0L, 1L, 1L, 1L, 0L, 1L, 0L, 1L, 0L, 1L,
1L, 0L, 0L, 0L, 0L, 0L, 0L, 0L, 0L, NA, 0L, 1L, 0L, 0L, 1L, 1L,
1L, 0L, 0L, 1L, 0L, 0L, 0L, 1L, 0L, 1L, 1L, 0L, 0L, 0L, 0L, 0L,
1L, 1L, 1L, 0L, NA, 0L, 1L, 0L, 0L, 1L, 1L, 0L, 1L, 1L, 1L, 0L,
0L, 1L, 0L, 0L, 0L, 1L, 1L, 1L, 0L, 0L, 0L, 0L, 0L, 0L, 1L, 0L,
0L, 1L, NA, 1L, 0L, 0L, 1L, 1L, 0L, 1L, 1L, 1L, 1L, 0L, 1L, 1L,
0L, 0L, 1L, 0L, 1L, 1L, 1L, 1L, 1L, 1L, 0L, 1L, 1L, 0L, 0L, NA,
1L, 1L, 0L, 1L, 0L, 0L, 0L, 1L, 0L, 1L, 1L, 1L, 0L, 0L, 0L, NA,
0L, 1L, 1L, 1L, 1L, 0L, 0L, 0L, 1L, 0L, 1L, 1L, 1L, 0L, 1L, 1L,
0L, 0L, 0L, 0L, 0L, 0L, 0L, 0L, 0L, 1L, 0L, 1L, 0L, 0L, 0L, 0L,
1L, 1L, 1L, 0L, 0L, 1L, 0L, 0L, 1L, 1L, 0L, 0L, 0L, 0L, NA, 0L,
NA, 0L, 1L, 0L, 1L, 0L, 0L, 1L, 0L, 1L, 0L, 1L, 0L, 0L, 0L, 1L,
1L, 0L, 1L, 0L, 1L, 0L, 0L, 0L, 0L, 1L, 0L, 0L, 0L, NA, 0L, 0L,
0L, 0L, 0L, 1L, 0L, 0L, 0L, 0L, NA, 1L, 0L, 0L, 1L, 1L, 0L, 0L,
0L, 0L, 1L, 0L, 0L, 0L, 0L, 0L, 0L, 0L, 0L, 0L, 0L, 1L, 1L, 0L,
0L, 1L, 0L, 0L, 1L, 0L, 1L, 0L, 0L, 1L, 1L, 0L, 1L, 1L, 0L, 0L,
0L, 0L, 1L, 0L, NA, 1L, 0L, 1L, 1L, 0L, 0L, 0L, 1L, 0L, 0L, 0L,
0L, 1L, 1L, 1L, 0L, 0L), SJRes6.ErgonomicsRuleDisapproval.No = c(1L,
1L, 0L, 0L, 1L, 1L, 0L, 1L, 0L, 1L, 0L, 1L, 1L, 0L, 1L, 0L, 1L,
0L, 0L, 0L, 1L, 1L, 0L, 1L, 1L, 1L, 0L, 0L, 1L, 1L, 1L, 0L, 1L,
0L, 0L, 1L, 0L, NA, 1L, 1L, 1L, 0L, 1L, 0L, 1L, 1L, 0L, 0L, 0L,
0L, 0L, 0L, 0L, 0L, 0L, 0L, 0L, 1L, 1L, 1L, 1L, 0L, 0L, 0L, 0L,
1L, 1L, 0L, 0L, 0L, 0L, 0L, 1L, 1L, 0L, 1L, 0L, 1L, 0L, 0L, 0L,
1L, 0L, 0L, 1L, 0L, 1L, 1L, 1L, 0L, 0L, 0L, 1L, 1L, 1L, 1L, 0L,
0L, 1L, 0L, 1L, 1L, 1L, 0L, 0L, 1L, 0L, 0L, 0L, 1L, 0L, 0L, 0L,
1L, 0L, 1L, 1L, 1L, 0L, 1L, 1L, 1L, 1L, 0L, 0L, 0L, NA, 1L, 0L,
1L, 0L, 1L, 0L, 0L, 0L, 1L, 0L, 0L, 0L, 1L, 1L, 0L, 0L, 1L, 0L,
0L, 0L, 0L, 1L, 0L, 0L, 1L, 1L, 0L, 1L, 0L, 0L, 1L, 0L, 0L, 1L,
0L, 0L, 0L, 0L, 0L, 1L, 0L, 1L, 1L, 1L, 0L, 1L, 0L, 1L, 1L, 1L,
1L, 1L, 0L, 0L, 1L, 0L, 0L, 0L, 0L, 1L, 0L, 1L, 0L, 0L, 1L, 1L,
1L, 0L, 0L, 1L, 0L, 0L, 0L, 1L, 0L, 1L, 1L, 0L, 0L, 1L, 0L, 0L,
1L, 1L, 1L, 1L, 0L, 0L, 1L, 0L, 0L, 1L, 1L, 0L, 1L, 1L, 1L, 0L,
1L, 1L, 0L, 0L, 0L, 1L, 1L, 1L, 0L, 0L, 0L, 1L, 1L, 1L, 1L, 1L,
0L, 1L, NA, 1L, 1L, 0L, 1L, 1L, 1L, 1L, 1L, 1L, 1L, 0L, 1L, 1L,
1L, 0L, 0L, 0L, 1L, 1L, 1L, 1L, 1L, 1L, 0L, 1L, 1L, 0L, 0L, NA,
1L, 1L, 1L, 1L, 1L, 0L, 0L, 1L, 0L, 1L, 1L, 1L, 0L, 0L, 0L, 0L,
0L, 1L, 1L, 1L, 1L, 0L, 0L, 0L, 1L, 0L, 1L, 1L, 1L, 0L, 1L, 1L,
0L, 1L, 0L, 1L, 1L, 0L, 0L, 0L, 0L, 1L, 0L, 1L, 0L, 0L, 1L, 0L,
1L, 0L, 1L, 0L, 0L, 1L, 0L, 0L, 1L, 1L, 1L, 0L, 0L, 0L, 0L, 1L,
1L, 0L, 1L, 0L, 1L, 0L, 0L, 1L, 1L, 1L, 1L, 1L, 1L, 0L, 0L, 1L,
1L, 0L, 1L, 0L, 1L, 0L, 0L, 0L, 0L, 1L, 0L, 0L, 0L, NA, 0L, 0L,
0L, 0L, 0L, 1L, 1L, 1L, 0L, 0L, 1L, 1L, 0L, 0L, 0L, 1L, 0L, 0L,
1L, 0L, NA, 0L, 0L, 0L, 0L, 1L, 0L, 0L, 0L, 0L, 0L, 1L, 1L, 0L,
0L, 1L, 0L, 0L, 1L, 0L, 1L, 1L, 0L, 1L, 1L, 0L, 1L, 1L, 0L, 0L,
0L, 0L, 1L, 0L, NA, 1L, 0L, 1L, 1L, 1L, 0L, 0L, 1L, 0L, 0L, 0L,
0L, 1L, 1L, 1L, 0L, 0L), HR3.IncomeTaxReduction.No = c(1L, NA,
0L, 0L, 1L, 1L, 0L, 1L, 0L, 1L, 0L, 1L, 1L, 0L, 1L, 0L, 1L, 0L,
0L, 0L, 1L, 1L, 0L, 1L, 1L, 1L, 0L, 0L, 0L, 1L, 1L, 0L, 0L, 0L,
0L, 1L, 0L, NA, 1L, 1L, 1L, 1L, 1L, 0L, 1L, 1L, 0L, 0L, 0L, 0L,
0L, 0L, 0L, 0L, 0L, 0L, 0L, 1L, 1L, 1L, 1L, 1L, 0L, 0L, 0L, 1L,
1L, 0L, 1L, 0L, 0L, 0L, 0L, 1L, 0L, 1L, 0L, 1L, 0L, 0L, 0L, 1L,
0L, 0L, 1L, 0L, 1L, 1L, 1L, 0L, 0L, 0L, 1L, 1L, 1L, 1L, 0L, 0L,
1L, 0L, 1L, 1L, 1L, 1L, 0L, 1L, 0L, 0L, 0L, 1L, 0L, 0L, 0L, 1L,
0L, 1L, 1L, 1L, 0L, 1L, 1L, 0L, 1L, 0L, 0L, 0L, NA, 1L, 0L, 1L,
0L, 1L, 0L, 0L, 0L, 1L, 0L, 0L, 0L, 0L, 1L, 0L, 0L, 0L, 0L, 0L,
0L, 0L, 1L, 0L, 0L, 0L, 1L, 0L, 1L, 0L, 0L, 1L, 0L, 0L, 1L, 0L,
0L, 0L, 0L, 0L, 1L, 0L, 1L, 1L, 1L, 0L, 1L, 0L, 1L, 1L, 1L, 1L,
0L, 0L, 0L, 1L, 0L, 0L, 0L, 0L, 1L, 0L, 1L, 0L, 0L, 1L, 1L, 1L,
0L, 1L, 1L, 0L, 0L, 0L, 1L, 0L, 1L, 1L, 0L, 0L, 1L, 0L, 0L, 1L,
1L, 1L, 0L, 0L, 0L, 1L, 0L, 0L, 1L, 1L, 0L, 1L, 1L, 1L, 0L, 1L,
1L, 0L, 0L, 0L, 1L, 1L, 1L, 0L, 0L, 0L, 1L, 0L, 1L, 1L, 0L, 0L,
1L, NA, 1L, 1L, 0L, 1L, 1L, 1L, 1L, 1L, 1L, 1L, 0L, 1L, 1L, 0L,
0L, 0L, 0L, 1L, 1L, 1L, 1L, 1L, 1L, 0L, 1L, 1L, 0L, 0L, NA, 1L,
1L, 1L, 1L, 1L, 0L, 0L, 1L, 0L, 1L, 1L, 1L, 0L, 0L, 0L, 0L, 0L,
1L, 1L, 1L, 1L, 0L, 0L, 0L, 1L, 0L, 1L, 1L, 1L, 0L, 1L, 1L, 0L,
0L, 0L, 0L, 1L, 0L, 0L, 0L, 0L, 1L, 0L, 1L, 0L, 0L, 0L, 0L, 1L,
0L, 1L, 0L, 0L, 1L, 0L, 0L, 1L, 1L, 1L, 0L, 0L, 0L, 0L, 1L, 1L,
0L, 1L, 0L, 1L, 0L, 0L, 1L, 1L, 1L, 1L, 1L, 0L, 0L, 0L, 1L, 1L,
0L, 1L, 0L, 1L, 0L, 0L, 0L, 0L, 1L, 0L, 0L, 0L, NA, 0L, 0L, 1L,
0L, NA, 1L, 1L, 0L, 0L, 0L, 1L, 1L, 0L, 0L, 1L, 1L, 0L, 1L, 1L,
0L, NA, 0L, 0L, 0L, 1L, 1L, 0L, 1L, 0L, 0L, 0L, 1L, 1L, 0L, 0L,
1L, 0L, 0L, 1L, 0L, 1L, 0L, 1L, 1L, 1L, 0L, 1L, 1L, 0L, 0L, 0L,
0L, 1L, 0L, NA, 1L, 0L, 1L, 1L, 0L, 0L, 0L, 1L, 0L, 0L, 0L, 0L,
1L, 1L, 1L, 0L, 0L),