mentalHealth <-
structure(list(count = c(64L, 94L, 58L, 46L, 57L, 94L, 54L, 40L,
57L, 105L, 65L, 60L, 72L, 141L, 77L, 94L, 36L, 97L, 54L, 78L,
21L, 71L, 54L, 71L), SES = structure(c(1L, 1L, 1L, 1L, 2L, 2L,
2L, 2L, 3L, 3L, 3L, 3L, 4L, 4L, 4L, 4L, 5L, 5L, 5L, 5L, 6L, 6L,
6L, 6L), .Label = c("A", "B", "C", "D", "E", "F"), class = c("ordered",
"factor")), MHS = structure(c(1L, 2L, 3L, 4L, 1L, 2L, 3L, 4L,
1L, 2L, 3L, 4L, 1L, 2L, 3L, 4L, 1L, 2L, 3L, 4L, 1L, 2L, 3L, 4L
), .Label = c("well", "mild", "moderate", "impaired"), class = c("ordered",
"factor"))), .Names = c("count", "SES", "MHS"), row.names = c("1",
"2", "3", "4", "5", "6", "7", "8", "9", "10", "11", "12", "13",
"14", "15", "16", "17", "18", "19", "20", "21", "22", "23", "24"
), class = "data.frame")
