voting <-
structure(list(percentage = c(11, 22, 17, 13, 21, 13, 23, 0,
33, 27, 11, 19, 11, 19, 34, 14, 35, 12, 48, 49, 24, 35, 27, 39,
51), total = c(303, 74, 47, 16, 86, 79, 30, 12, 12, 30, 122,
47, 75, 31, 111, 96, 34, 34, 31, 111, 283, 156, 114, 122, 696
), origin = structure(c(1L, 1L, 1L, 1L, 1L, 2L, 2L, 2L, 2L, 2L,
3L, 3L, 3L, 3L, 3L, 4L, 4L, 4L, 4L, 4L, 5L, 5L, 5L, 5L, 5L), .Label = c("1",
"2", "3", "4", "5"), class = "factor"), destination = structure(c(1L,
2L, 3L, 4L, 5L, 1L, 2L, 3L, 4L, 5L, 1L, 2L, 3L, 4L, 5L, 1L, 2L,
3L, 4L, 5L, 1L, 2L, 3L, 4L, 5L), .Label = c("1", "2", "3", "4",
"5"), class = "factor")), .Names = c("percentage", "total", "origin",
"destination"), class = "data.frame", row.names = c("1", "2",
"3", "4", "5", "6", "7", "8", "9", "10", "11", "12", "13", "14",
"15", "16", "17", "18", "19", "20", "21", "22", "23", "24", "25"
))
