"yaish" <-
structure(c(7, 3, 16, 14, 135, 5, 9, 5, 9, 54, 13, 13, 18, 30, 
139, 2, 2, 4, 26, 48, 1, 3, 9, 17, 64, 9, 5, 10, 20, 82, 2, 0, 
1, 6, 1, 3, 1, 14, 6, 19, 4, 7, 6, 4, 8, 43, 26, 44, 10, 4, 5, 
6, 9, 3, 2, 8, 14, 15, 10, 5, 26, 26, 22, 13, 12, 9, 2, 3, 2, 
0, 8, 9, 16, 6, 5, 4, 1, 14, 2, 8, 139, 43, 50, 18, 20, 46, 
10, 10, 3, 5, 25, 21, 12, 14, 6, 46, 28, 23, 6, 1, 4, 1, 4, 3, 
0, 4, 2, 2, 1, 0, 0, 1, 0, 0, 0, 7, 2, 6, 1, 0, 
18, 13, 8, 2, 2, 0, 2, 5, 0, 0, 4, 2, 0, 0, 1, 1, 0, 
0, 0, 0, 11, 14, 13, 12, 18, 12, 20, 13, 17, 2, 117, 51, 
57, 47, 11, 38, 16, 7, 11, 0, 83, 51, 35, 42, 13, 110, 56, 
25, 39, 10, 17, 5, 1, 1, 1, 11, 5, 16, 1, 2, 11, 4, 4, 2, 1, 
110, 20, 18, 3, 2, 69, 6, 12, 0, 1, 39, 17, 18, 2, 2, 85, 28, 
24, 2, 1, 11, 1, 4, 0, 0, 0, 0, 0, 0, 0, 0, 0, 
1, 0, 0, 1, 0, 0, 0, 0, 1, 0, 0, 0, 0, 0, 
0, 1, 0, 0, 1, 1, 0, 0, 0, 0, 0, 0, 0, 0
), .Dim = as.integer(c(5, 7, 7)), .Dimnames = structure(list(
    educ = c("1", "2", "3", "4", "5"), orig = c("1", "2", "3", 
    "4", "5", "6", "7"), dest = c("1", "2", "3", "4", "5", "6", 
    "7")), .Names = c("educ", "orig", "dest")), class = "table")
